PyRat-1-master/AIs/etape8_1.py
[0.17, 0.28, 0.38, 0.33, 0.36, 0.38, 0.49, 0.46, 0.57]
[0.14, 0.21, 0.23, 0.19, 0.21, 0.25, 0.17, 0.32, 0.23]
PyRat-1-master/AIs/etape8.py
[0.1117, 0.1628, 0.2738, 0.30329999999999996, 0.2536, 0.2638, 0.3749, 0.3346, 0.3257]
[0.2114, 0.3221, 0.2823, 0.3519, 0.2721, 0.2925, 0.2717, 0.3832, 0.3123]
PyRat-1-master/AIs/etape8_enemyScore_scraped.py
[0.171117, 0.281628, 0.352738, 0.203033, 0.392536, 0.282638, 0.33374899999999996, 0.303346, 0.24325699999999997]
[0.292114, 0.243221, 0.24282299999999998, 0.273519, 0.292721, 0.43292500000000006, 0.36271699999999996, 0.333832, 0.453123]
PyRat-1-master/AIs/etape8_2.py
[0.12171117, 0.18281627999999997, 0.16352738000000003, 0.23203032999999998, 0.35392536, 0.37282638, 0.57333749, 0.59303346, 0.63243257]
[0.12292114, 0.16243221, 0.13242823, 0.15273519, 0.16292721, 0.21432925, 0.18362717, 0.21333832, 0.22453122999999997]
PyRat-1-master/AIs/etape8_3.py
[0.10121711170000001, 0.1818281628, 0.26163527379999996, 0.29232030330000003, 0.3635392536, 0.38372826379999997, 0.4057333749, 0.5959303346, 0.7163243256999999]
[0.18122921139999998, 0.1916243221, 0.1413242823, 0.1415273519, 0.1816292721, 0.1521432925, 0.2318362717, 0.2421333832, 0.1822453123]
