PyRat-1-master/AIs/cheese_score.py
[0.08, 0.24666666666666667, 0.3333333333333333, 0.35333333333333333, 0.37333333333333335, 0.4, 0.48, 0.5066666666666667, 0.6333333333333333, 0.5666666666666667, 0.6533333333333333]
[0.16, 0.25333333333333335, 0.18666666666666668, 0.22666666666666666, 0.17333333333333334, 0.2, 0.19333333333333333, 0.3, 0.2866666666666667, 0.36, 0.30666666666666664]
[0.14, 0.2866666666666667, 0.0, 0.02, 0.0, 0.0, 0.0, 1.7733333333333334, 7.32, 12.313333333333333, 16.673333333333332]
PyRat-1-master/AIs/pursuit.py
[0.10053333333333334, 0.2149777777777778, 0.30222222222222217, 0.30235555555555554, 0.3291555555555556, 0.3293333333333333, 0.2898666666666667, 0.3767111111111111, 0.3308888888888889, 0.3504444444444444, 0.4176888888888889]
[0.18773333333333334, 0.24835555555555552, 0.2745777777777778, 0.32151111111111114, 0.3078222222222222, 0.328, 0.3479555555555556, 0.442, 0.4285777777777777, 0.4557333333333333, 0.4353777777777778]
[0.007600000000000001, 0.06857777777777778, 0.0, 0.00013333333333333334, 0.0, 0.006666666666666667, 0.02, 1.6518222222222223, 6.6488, 11.575422222222223, 16.05782222222222]
PyRat-1-master/AIs/enemy_score.py
[0.16666666666666666, 0.2733333333333333, 0.32666666666666666, 0.3333333333333333, 0.32666666666666666, 0.36, 0.31333333333333335, 0.32666666666666666, 0.2866666666666667, 0.29333333333333333, 0.34]
[0.2866666666666667, 0.28, 0.2866666666666667, 0.36, 0.32, 0.28, 0.32, 0.32666666666666666, 0.34, 0.34, 0.3333333333333333]
[0.18666666666666668, 0.06666666666666667, 0.06666666666666667, 0.04666666666666667, 0.05333333333333334, 0.04666666666666667, 0.05333333333333334, 0.06, 0.04666666666666667, 0.06666666666666667, 0.08]
PyRat-1-master/AIs/proximity_check.py
[0.08777777777777779, 0.16848888888888888, 0.2621777777777778, 0.2955555555555555, 0.3555111111111111, 0.4424, 0.5087555555555555, 0.5688444444444445, 0.6352444444444444, 0.6886222222222222, 0.6756]
[0.11524444444444445, 0.18853333333333333, 0.14191111111111113, 0.16906666666666667, 0.14213333333333333, 0.10186666666666667, 0.16213333333333332, 0.21551111111111113, 0.2156, 0.20893333333333333, 0.2755555555555555]
[0.0012444444444444445, 0.0004444444444444444, 0.0004444444444444444, 0.0003111111111111111, 0.00035555555555555557, 0.0003111111111111111, 0.007022222222222221, 0.00039999999999999996, 0.0003111111111111111, 0.0004444444444444444, 0.0005333333333333334]
PyRat-1-master/AIs/final.py
[0.09391851851851851, 0.18112325925925926, 0.3150811851851852, 0.3553037037037037, 0.37570340740740743, 0.4029493333333333, 0.476725037037037, 0.5771256296296295, 0.6575682962962963, 0.6379241481481481, 0.724504]
[0.11410162962962962, 0.11459022222222222, 0.14094607407407406, 0.1611271111111111, 0.1276142222222222, 0.17401244444444444, 0.24774755555555553, 0.2547700740740741, 0.20143733333333336, 0.2947262222222222, 0.24183703703703704]
[8.296296296296297e-06, 2.962962962962963e-06, 2.962962962962963e-06, 2.0740740740740742e-06, 2.3703703703703703e-06, 2.0740740740740742e-06, 4.681481481481481e-05, 2.6666666666666664e-06, 2.0740740740740742e-06, 2.962962962962963e-06, 3.555555555555556e-06]
